       
(PID, PPID, PGID)
                                                                              
                                                                      (3129, 3124, 3117)
                                                                              |
                                                                 MATKA(3124, 3117, 3117)
                                                                    |                |
                                                   (3125, 3124, 3117)                (3127, 3124, 3117)
                                                   |                |                       |                
                                  (3128, 3215, 3117)         (3130, 3215, 3117)      (3131, 3127, 3117)
                                          |                                
                                  (3132,3218, 3117)
